         0         0   66.0000
         0    0.0300   65.5000
         0         0   65.5000
         0         0   75.0000
         0         0   65.5000
         0         0   75.0000
         0         0   65.5000
         0         0   65.5000
         0         0   66.0000
         0         0   66.0000
         0         0   65.5000
         0         0   65.5000
         0         0   65.5000
         0         0   66.0000
         0         0   66.0000
         0         0   66.0000
         0         0   65.5000
         0         0   66.0000
         0         0   65.5000
         0         0   66.0000
         0         0   66.0000
         0         0   65.0000
         0         0   65.5000
         0         0   66.5000
         0         0   67.5000
         0         0   66.0000
         0         0   65.5000
         0         0   66.5000
         0         0   66.0000
         0         0   68.0000
         0         0   67.0000
         0         0   65.5000
         0         0   65.5000
         0         0   66.0000
         0         0   66.5000
         0         0   65.5000
         0    0.0300   70.0000
         0         0   75.0000
         0    0.0100   66.5000
         0         0   66.0000
         0    0.0100   65.0000
         0         0   66.5000
         0         0   67.0000
         0         0   69.0000
         0    0.0100   66.0000
         0    0.0400   66.0000
         0         0   67.0000
         0         0   67.0000
         0         0   68.5000
         0         0   70.0000
         0         0   66.5000
         0    0.0100   65.5000
         0         0   70.0000
         0    0.0200   67.0000
         0         0   67.0000
         0    0.0900   73.0000
         0    0.0300   66.0000
         0         0   69.0000
         0         0   66.0000
         0         0   65.5000
         0    0.0100   65.5000
         0         0   67.5000
         0         0   75.0000
         0    0.0900   73.0000
         0         0   67.0000
         0         0   67.0000
         0    0.0100   65.0000
         0         0   65.5000
         0         0   66.0000
         0         0   70.0000
         0         0   66.5000
         0         0   66.0000
         0         0   66.5000
         0         0   66.5000
         0    0.0200   68.5000
         0         0   65.5000
         0    0.0300   71.0000
         0         0   66.0000
         0    0.0300   70.0000
         0         0   67.0000
         0    0.0100   66.0000
         0    0.0100   65.5000
         0    0.0600   66.0000
         0    0.0500   66.5000
         0    0.0500   66.0000
         0    0.0400   70.0000
         0    0.0600   66.5000
         0    0.0200   70.0000
         0         0   65.5000
         0    0.0200   67.0000
         0    0.0600   70.0000
         0    0.0600   66.0000
         0    0.0400   65.5000
         0    0.0200   67.0000
         0    0.0600   65.5000
         0    0.0600   65.5000
         0    0.0500   66.0000
         0         0   66.0000
         0    0.0200   66.5000
         0    0.0200   70.0000
         0    0.0100   66.0000
         0         0   70.0000
         0    0.0600   65.0000
         0         0   67.5000
         0    0.0300   70.0000
         0    0.0500   66.0000
         0         0   65.5000
         0    0.0200   68.5000
         0    0.0500   70.5000
         0         0   65.5000
         0    0.0100   66.5000
         0    0.0400   66.5000
         0    0.0600   67.0000
         0    0.0200   66.0000
         0    0.0200   67.0000
         0    0.0400   65.5000
         0         0   66.0000
         0         0   65.5000
         0         0   65.0000
         0    0.0300   66.5000
         0         0   65.5000
         0         0   66.0000
         0    0.0500   66.0000
         0    0.0400   66.0000
         0         0   65.5000
         0         0   65.5000
         0    0.0400   72.5000
         0         0   66.5000
         0         0   66.0000
         0         0   65.5000
         0    0.0600   65.5000
         0         0   66.0000
         0    0.0300   65.0000
         0         0   66.5000
         0         0   65.5000
         0         0   69.5000
         0         0   67.0000
         0         0   69.0000
         0         0   73.0000
         0         0   66.5000
         0         0   72.0000
         0    0.0200   72.0000
         0         0   66.5000
         0         0   67.0000
         0         0   66.0000
         0         0   85.0000
         0         0   66.0000
         0    0.0500   65.5000
         0    0.0400   65.5000
         0    0.0100   65.0000
         0    0.0300   66.5000
         0    0.0200   85.0000
         0         0   65.5000
         0         0   65.5000
         0         0   67.0000
         0         0   67.0000
         0         0   65.5000
         0         0   80.0000
         0    0.0300   70.5000
         0    0.0600   72.0000
         0    0.0700   70.0000
         0    0.0600   70.0000
         0    0.0800   70.0000
         0    0.0800   70.0000
         0    0.0500   70.0000
         0    0.0300   70.0000
         0    0.0600   70.0000
         0    0.0500   70.0000
         0    0.0400   72.0000
         0    0.0400   70.0000
         0    0.0300   70.0000
         0    0.0400   70.0000
         0    0.0200   70.0000
         0    0.0500   75.0000
         0    0.0300   70.0000
         0    0.1200   75.0000
         0         0   68.0000
         0    0.1200   75.0000
         0    0.0700   70.0000
         0    0.0700   70.0000
         0    0.0600   75.0000
         0    0.0700   75.0000
         0    0.0400   69.0000
         0    0.0700   75.0000
         0    0.0400   75.0000
         0    0.0400   75.0000
         0    0.0300   75.0000
         0         0   75.0000
         0    0.0300   75.0000
         0         0   65.5000
         0    0.1200   75.0000
         0    0.0400   75.0000
         0    0.0400   72.0000
         0    0.0300   85.0000
         0    0.0700   72.0000
         0    0.0700   80.0000
         0    0.0600   85.0000
    1.0000    0.0700   65.5000
    1.0000    0.0500   65.5000
    1.0000    0.0900   66.5000
    1.0000    0.0500   65.0000
    1.0000    0.0800   65.5000
    1.0000    0.0700   65.0000
    1.0000    0.0800   65.0000
    1.0000    0.0600   65.5000
    1.0000    0.0900   68.5000
    1.0000    0.0500   65.5000
    1.0000    0.0700   65.5000
    1.0000    0.1200   66.5000
    1.0000    0.0800   65.0000
    1.0000    0.0500   66.0000
    1.0000    0.0700   65.0000
    1.0000    0.0400   65.0000
    1.0000    0.0800   66.0000
    1.0000    0.0500   66.0000
    1.0000    0.1000   66.0000
    1.0000    0.1000   66.0000
    1.0000    0.1100   73.0000
    1.0000    0.1200   66.5000
    1.0000    0.1200   65.5000
    1.0000    0.0800   70.5000
    1.0000    0.1200   66.5000
    1.0000    0.1200   65.5000
    1.0000    0.1500   73.5000
    1.0000    0.0200   69.0000
    1.0000    0.0200   66.0000
    1.0000    0.1000   70.0000
    1.0000    0.1500   75.0000
    1.0000    0.0500   66.0000
    1.0000    0.1000   66.5000
    1.0000    0.0300   65.5000
    1.0000    0.0800   69.0000
    1.0000    0.0300   70.0000
    1.0000    0.1400   74.5000
    1.0000    0.1800   74.0000
    1.0000    0.0700   65.5000
    1.0000         0   67.5000
    1.0000    0.0300   65.5000
    1.0000    0.0500   66.5000
    1.0000    0.0500   65.5000
    1.0000    0.0300   65.0000
    1.0000    0.0300   67.5000
    1.0000    0.0100   67.0000
    1.0000    0.0200   65.0000
    1.0000    0.0300   65.5000
    1.0000    0.0800   65.5000
    1.0000    0.0600   65.5000
    1.0000    0.0300   65.0000
    1.0000    0.0300   65.5000
    1.0000    0.0300   65.0000
    1.0000    0.0500   65.5000
    1.0000    0.0500   65.5000
    1.0000    0.0400   65.5000
    1.0000    0.0700   65.0000
    1.0000    0.0400   65.0000
    1.0000    0.0600   65.5000
    1.0000    0.0900   66.0000
    1.0000    0.0500   65.5000
    1.0000    0.0600   66.5000
    1.0000    0.0600   65.0000
    1.0000    0.0100   67.0000
    1.0000    0.1000   70.0000
    1.0000    0.0100   67.0000
    1.0000    0.1200   67.0000
    1.0000    0.0100   66.0000
    1.0000    0.1500   70.0000
    1.0000    0.1000   68.0000
    1.0000    0.1600   70.0000
    1.0000    0.0100   66.0000
    1.0000    0.0900   70.5000
    1.0000    0.1600   70.0000
    1.0000    0.0200   66.0000
    1.0000    0.1700   70.5000
    1.0000    0.1100   65.0000
    1.0000    0.1500   70.0000
    1.0000    0.1600   70.0000
    1.0000    0.1100   70.0000
    1.0000    0.0700   75.0000
    1.0000    0.1700   75.0000
    1.0000    0.1400   70.0000
    1.0000    0.1100   65.5000
    1.0000    0.1200   70.0000
    1.0000    0.0200   66.0000
    1.0000    0.0900   70.0000
    1.0000    0.1300   70.0000
    1.0000    0.1200   70.0000
    1.0000    0.1100   70.0000
    1.0000    0.1100   70.0000
    1.0000    0.1100   70.0000
    1.0000    0.0100   66.0000
    1.0000    0.1200   70.0000
    1.0000    0.0400   65.0000
    1.0000    0.1100   70.0000
    1.0000    0.0400   65.5000
    1.0000    0.1200   71.5000
    1.0000    0.0200   65.5000
    1.0000    0.0200   66.0000
    1.0000    0.1300   70.0000
    1.0000    0.0500   66.5000
    1.0000    0.0300   66.0000
    1.0000    0.0300   65.0000
    1.0000    0.0500   66.5000
    1.0000    0.0300   65.5000
    1.0000    0.0500   66.5000
    1.0000    0.0500   67.0000
    1.0000    0.0400   65.0000
    1.0000    0.0200   65.5000
    1.0000    0.0400   65.0000
    1.0000    0.0400   65.5000
    1.0000    0.0400   65.0000
    1.0000    0.0300   66.5000
    1.0000    0.0700   68.0000
    1.0000    0.0400   65.5000
    1.0000    0.0200   69.0000
    1.0000    0.0400   65.0000
    1.0000    0.0700   65.0000
    1.0000    0.0300   65.5000
    1.0000    0.0400   65.5000
    1.0000    0.1500   75.0000
    1.0000    0.0900   67.0000
    1.0000    0.1000   70.0000
    1.0000    0.0800   70.5000
    1.0000    0.1000   66.0000
    1.0000    0.0500   68.0000
    1.0000    0.1400   75.0000
    1.0000    0.0400   67.0000
    1.0000    0.0700   65.5000
    1.0000    0.0800   65.0000
    1.0000    0.0600   66.5000
    1.0000    0.1000   70.0000
    1.0000    0.0400   66.0000
    1.0000    0.0900   67.0000
    1.0000    0.0800   65.5000
    1.0000    0.0600   66.5000
    1.0000    0.0800   68.0000
    1.0000    0.0700   65.0000
    1.0000    0.0700   65.5000
    1.0000    0.0700   65.5000
    1.0000    0.0800   65.5000
    1.0000    0.0600   65.5000
    1.0000    0.0700   65.0000
    1.0000    0.0200   69.0000
    1.0000    0.0700   65.0000
    1.0000    0.4500   70.0000
    1.0000    0.0800   65.0000
    1.0000    0.0700   67.5000
    1.0000    0.4300   70.0000
    1.0000    0.4000   70.0000
    1.0000    0.8200   70.0000
    1.0000    0.4500   70.0000
    1.0000    0.4200   70.0000
    1.0000    0.4200   70.0000
    1.0000    0.4400   70.0000
    1.0000    0.4300   70.0000
    1.0000    0.0400   66.5000
    1.0000    0.4400   70.0000
    1.0000    0.4400   70.0000
    1.0000    0.1600   70.0000
    1.0000    0.0400   65.5000
    1.0000    0.1000   66.5000
    1.0000    0.4400   70.0000
    1.0000    0.0600   65.5000
    1.0000    0.0300   67.5000
    1.0000    0.0300   65.5000
    1.0000    0.0400   66.0000
    1.0000    0.0300   65.5000
    1.0000    0.0400   65.5000
    1.0000    0.0600   65.5000
    1.0000    0.0300   65.5000
    1.0000    0.0500   65.0000
    1.0000    0.0800   69.0000
    1.0000    0.0500   66.0000
    1.0000    0.0600   65.5000
    1.0000    0.0200   65.0000
    1.0000    0.0300   65.5000
    1.0000    0.0500   65.5000
    1.0000    0.0500   66.0000
    1.0000    0.0300   66.0000
    1.0000    0.0300   65.0000
    1.0000    0.0300   65.5000
    1.0000    0.0500   65.5000
    1.0000    0.0200   65.0000
    1.0000    0.0400   65.5000
    1.0000    0.0200   65.0000
    1.0000    0.0800   69.0000
    1.0000    0.0200   65.5000
    1.0000    0.0400   65.5000
    1.0000    0.0200   65.0000
    1.0000    0.0300   65.0000
    1.0000    0.0300   65.5000
    1.0000    0.0800   69.0000
    1.0000    0.0400   66.5000
    1.0000    0.0500   65.5000
    1.0000    0.0200   66.0000
    1.0000    0.0300   65.5000
    1.0000    0.0300   65.5000
    1.0000    0.0400   66.0000
    1.0000    0.0600   65.5000
    1.0000    0.0500   65.5000
    1.0000    0.0300   65.0000
    1.0000    0.0500   65.5000
    1.0000    0.0200   65.5000
    1.0000    0.0200   65.5000
    1.0000    0.0200   66.5000
    1.0000    0.0700   68.0000
    1.0000    0.0300   65.5000
    1.0000    0.0700   66.0000
    1.0000    0.1000   65.5000
    1.0000    0.0600   65.5000
    1.0000    0.0100   66.0000
    1.0000    0.1000   65.5000
    1.0000    0.0500   65.5000
    1.0000    0.0300   65.0000
    1.0000    0.0400   66.0000
    1.0000    0.0200   65.0000
    1.0000    0.0200   65.0000
    1.0000    0.1100   66.0000
    1.0000    0.0300   65.5000
    1.0000    0.0300   65.0000
    1.0000    0.0600   66.0000
    1.0000    0.0400   65.0000
    1.0000    0.0400   65.5000
    1.0000    0.0300   65.5000
    1.0000    0.0300   65.0000
    1.0000    0.0200   65.0000
    1.0000    0.1500   75.0000
    1.0000    0.0200   66.0000
    1.0000    0.1600   75.0000
    1.0000    0.0100   65.5000
    1.0000    0.1700   72.0000
    1.0000    0.1100   75.0000
    1.0000    0.1700   72.0000
    1.0000    0.1200   75.0000
    1.0000    0.2100   75.0000
    1.0000    0.0300   65.0000
    1.0000    0.0500   66.0000
    1.0000    0.0700   68.0000
    1.0000    0.1000   73.0000
    1.0000    0.1500   75.0000
    1.0000    0.0300   65.0000
    1.0000    0.1000   73.5000
    1.0000    0.0700   75.0000
    1.0000    0.0300   65.0000
    1.0000    0.0600   65.5000
    1.0000    0.0500   65.5000
    1.0000    0.1000   72.0000
    1.0000    0.0800   65.5000
    1.0000    0.0900   65.5000
    1.0000    0.4300   75.0000
    1.0000    0.0900   65.0000
    1.0000    0.1100   70.0000
    1.0000    0.0400   65.5000
    1.0000    0.0100   66.5000
    1.0000    0.0700   65.5000
    1.0000    0.4400   75.0000
    1.0000    0.1000   65.5000
    1.0000    0.2700   80.0000
    1.0000    0.0500   66.0000
    1.0000    0.0500   75.0000
    1.0000    0.4400   75.0000
    1.0000    0.0600   66.0000
    1.0000    0.4400   75.0000
    1.0000    0.0300   65.0000
    1.0000    0.0400   65.5000
    1.0000    0.0400   65.5000
    1.0000    0.1500   75.0000
    1.0000    0.1000   75.0000
    1.0000    0.1600   75.0000
    1.0000    0.1600   75.0000
    1.0000    0.1600   75.0000
    1.0000    0.1600   72.0000
    1.0000    0.0500   65.5000
    1.0000    0.0300   65.0000
    1.0000    0.0400   65.0000
    1.0000    0.0300   80.0000
    1.0000    0.0300   65.0000
    1.0000    0.0200   66.0000
    1.0000    0.0800   65.0000
    1.0000    0.0400   65.5000
    1.0000    0.0400   65.0000
    1.0000    0.0800   80.0000
    1.0000    0.0300   80.0000
    1.0000    0.0800   66.0000
    1.0000    0.0200   66.5000
    1.0000    0.0300   80.0000
    1.0000         0   65.5000
    1.0000         0   65.5000
    1.0000         0   65.5000
    1.0000         0   65.5000
    1.0000    0.0200   72.5000
    1.0000    0.0700   66.0000
    1.0000    0.0700   70.0000
    1.0000    0.0100   75.0000
    1.0000    0.0800   70.0000
    1.0000    0.0600   70.0000
    1.0000    0.0500   75.0000
    1.0000    0.0700   70.0000
    1.0000    0.0600   70.0000
    1.0000    0.0900   75.0000
    1.0000    0.0900   75.0000
    1.0000         0   70.0000
    1.0000    0.0200   69.5000
    1.0000    0.0600   70.0000
    1.0000    0.0400   70.5000
    1.0000    0.0200   68.0000
    1.0000         0   66.5000
    1.0000    0.0100   67.5000
    1.0000         0   67.0000
    1.0000    0.0700   70.0000
    1.0000         0   66.5000
    1.0000    0.0200   75.0000
    1.0000         0   66.5000
    1.0000    0.0500   71.5000
    1.0000    0.0700   73.0000
    1.0000    0.0200   73.5000
    1.0000    0.0400   75.0000
    1.0000    0.0100   70.0000
    1.0000    0.0200   73.5000
    1.0000         0   70.0000
    1.0000         0   66.0000
    1.0000    0.0900   73.0000
    1.0000         0   66.5000
    1.0000    0.0900   75.0000
    1.0000         0   66.5000
    1.0000         0   66.5000
    1.0000    0.0700   70.0000
    1.0000    0.0100   66.0000
    1.0000         0   67.5000
    1.0000         0   65.5000
    1.0000    0.0900   73.5000
    1.0000    0.1000   67.5000
    1.0000         0   67.5000
    1.0000    0.0300   72.5000
    1.0000         0   66.0000
    1.0000         0   65.5000
    1.0000    0.0200   70.0000
    1.0000    0.0100   73.0000
    1.0000         0   68.0000
    1.0000    0.2700   75.0000
    1.0000         0   65.5000
    1.0000    0.0100   67.0000
    1.0000    0.0900   73.0000
    1.0000         0   65.0000
    1.0000         0   66.0000
    1.0000         0   66.0000
    1.0000    0.0300   75.0000
    1.0000    0.0100   66.0000
    1.0000    0.0200   72.5000
    1.0000         0   65.0000
    1.0000         0   65.5000
    1.0000    0.0100   66.5000
    1.0000    0.0100   66.0000
    1.0000    0.0100   66.0000
    1.0000         0   65.5000
    1.0000         0   66.0000
    1.0000    0.0100   68.0000
    1.0000         0   66.0000
    1.0000         0   65.5000
    1.0000    0.0100   66.0000
    1.0000         0   66.0000
    1.0000         0   65.5000
    1.0000    0.0100   67.0000
    1.0000         0   65.5000
    1.0000    0.0100   66.0000
    1.0000         0   66.0000
    1.0000         0   65.5000
    1.0000    0.0500   70.5000
    1.0000    0.0200   69.0000
    1.0000    0.0500   70.5000
    1.0000    0.0400   68.0000
    1.0000    0.0300   74.0000
    1.0000    0.0200   71.5000
    1.0000    0.0400   75.0000
    1.0000    0.0400   75.0000
    1.0000    0.1300   75.0000
    1.0000    0.0100   65.5000
    1.0000    0.0800   72.5000
    1.0000    0.1200   75.0000
    1.0000    0.0600   68.0000
    1.0000    0.1100   70.0000
    1.0000    0.0700   68.0000
    1.0000    0.0300   70.0000
    1.0000    0.0300   72.5000
    1.0000    0.0400   70.0000
    1.0000    0.0500   70.5000
    1.0000    0.0700   70.0000
    1.0000    0.0400   68.5000
    1.0000         0   70.0000
    1.0000    0.0600   67.5000
    1.0000    0.0200   71.0000
    1.0000    0.0100   67.0000
    1.0000    0.0900   72.0000
    1.0000    0.0100   68.0000
    1.0000    0.0700   66.0000
    1.0000    0.0700   66.5000
    1.0000    0.0700   70.0000
    1.0000    0.0700   66.5000
    1.0000    0.0300   72.5000
    1.0000    0.0300   75.0000
    1.0000    0.0200   75.0000
    1.0000    0.0100   68.0000
    1.0000         0   65.5000
    1.0000    0.0100   68.0000
    1.0000         0   66.5000
    1.0000    0.0400   69.5000
    1.0000    0.1000   72.5000
    1.0000    0.0500   73.0000
    1.0000    0.0700   66.0000
    1.0000    0.0300   75.0000
    1.0000    0.1300   75.0000
    1.0000    0.0200   75.0000
    1.0000    0.1100   72.0000
    1.0000    0.0500   75.0000
    1.0000         0   85.0000
    1.0000         0   80.0000
    1.0000    0.0700   75.0000
    1.0000    0.0200   72.0000
    1.0000    0.0100   85.0000
    1.0000    0.0400   85.0000
    1.0000    0.0500   80.0000
    1.0000    0.0500   70.0000
    1.0000         0   68.0000
    1.0000    0.0100   80.0000
    1.0000    0.0200   85.0000
    1.0000         0   85.0000
    1.0000    0.0300   85.0000
    1.0000    0.0100   85.0000
    1.0000         0   66.5000
    1.0000         0   85.0000
    1.0000    0.0300   85.0000
    1.0000    0.0500   70.0000
    1.0000         0   85.0000
    1.0000    0.1000   85.0000
    1.0000    0.0500   85.0000
    1.0000    0.0100   67.5000
    1.0000         0   85.0000
    1.0000    0.0100   72.0000
    1.0000         0   85.0000
    1.0000    0.0400   72.0000
    1.0000    0.0100   72.0000
    1.0000    0.0100   72.0000
    1.0000    0.0100   72.0000
    1.0000    0.0400   74.0000
    1.0000         0   80.0000
    1.0000    0.0100   72.0000
    1.0000    0.0100   72.0000
    1.0000    0.0100   72.0000
    1.0000    0.0100   72.0000
    1.0000    0.0100   72.0000
    1.0000    0.0800   74.0000
    1.0000         0   72.0000
    1.0000    0.0100   72.0000
    1.0000    0.0100   72.0000
    1.0000    0.0200   72.0000
    1.0000    0.0200   72.0000
    1.0000         0   65.5000
    1.0000    0.0800   80.0000
    1.0000         0   85.0000
    1.0000         0   65.5000
    1.0000    0.0800   72.0000
    1.0000         0   85.0000
    2.0000    0.1200   66.5000
    2.0000    0.1200   66.5000
    2.0000    0.1400   75.0000
    2.0000    0.1100   75.0000
    2.0000    0.0800   68.0000
    2.0000    0.0800   69.0000
    2.0000    0.0800   67.0000
    2.0000    0.0800   70.0000
    2.0000    0.1100   70.0000
    2.0000    0.1000   69.5000
    2.0000    0.1000   75.0000
    2.0000    0.1200   74.5000
    2.0000    0.1200   75.0000
    2.0000    0.1200   66.5000
    2.0000    0.1200   66.5000
    2.0000    0.1200   70.0000
    2.0000    0.1100   70.0000
    2.0000    0.1800   75.0000
    2.0000    0.1100   70.0000
    2.0000    0.1400   75.0000
    2.0000    0.1000   72.0000
    2.0000    0.6000   75.0000
    2.0000    1.1000   75.0000
    2.0000    0.1000   68.0000
    2.0000    0.1200   75.0000
    2.0000    0.1000   75.0000
    2.0000    0.3200   75.0000
    2.0000    0.1200   72.0000
    2.0000    0.1400   74.0000
    2.0000    0.1000   72.0000
    2.0000    0.0800   75.0000
    2.0000    0.1000   66.0000
    2.0000    0.1400   72.0000
    2.0000    0.1100   72.0000
    2.0000    0.0900   75.0000
    2.0000    0.2000   65.5000
    2.0000    0.1700   70.0000
    2.0000    0.1600   66.5000
    2.0000    0.1600   70.5000
    2.0000    0.0600   71.5000
    2.0000    0.2000   66.5000
    2.0000    0.2800   69.0000
    2.0000    0.0900   67.5000
    2.0000    0.2700   68.5000
    2.0000    0.0900   70.0000
    2.0000    0.1200   67.5000
    2.0000    0.1800   70.0000
    2.0000    0.2500   70.0000
    2.0000    0.1800   68.0000
    2.0000    0.2600   69.5000
    2.0000    0.2800   67.5000
    2.0000    0.1000   72.5000
    2.0000    0.1300   65.0000
    2.0000    0.1400   67.0000
    2.0000    0.0900   67.0000
    2.0000    0.1600   66.0000
    2.0000    0.2700   68.5000
    2.0000    0.1500   66.0000
    2.0000    0.1700   69.5000
    2.0000    0.1900   67.5000
    2.0000    0.2100   69.0000
    2.0000    0.2000   66.5000
    2.0000    0.2300   65.5000
    2.0000    0.0800   75.0000
    2.0000    0.1200   65.0000
    2.0000    0.1300   68.0000
    2.0000    0.2500   66.5000
    2.0000    0.1700   69.0000
    2.0000    0.2000   67.0000
    2.0000    0.1000   69.5000
    2.0000    0.2000   65.5000
    2.0000    0.1700   71.0000
    2.0000    0.1800   68.0000
    2.0000    0.2200   68.0000
    2.0000    0.2200   67.0000
    2.0000    0.1900   66.0000
    2.0000    0.2200   67.5000
    2.0000    0.2500   66.0000
    2.0000    0.2000   67.0000
    2.0000    0.2400   70.0000
    2.0000    0.0600   67.0000
    2.0000    0.2500   65.5000
    2.0000    0.1200   70.0000
    2.0000    0.0700   69.0000
    2.0000    0.1400   67.0000
    2.0000    0.0800   70.0000
    2.0000    0.1500   69.0000
    2.0000    0.1200   65.0000
    2.0000    0.1600   70.0000
    2.0000    0.1200   65.0000
    2.0000    0.2600   66.0000
    2.0000    0.2100   68.5000
    2.0000    0.1700   67.5000
    2.0000    0.0900   66.5000
    2.0000    0.1900   71.5000
    2.0000    0.2300   65.5000
    2.0000    0.2300   65.5000
    2.0000    0.1500   69.0000
    2.0000    0.1700   67.5000
    2.0000    0.2300   69.5000
    2.0000    0.1600   68.0000
    2.0000    0.1800   68.5000
    2.0000    0.1500   68.0000
    2.0000    0.1600   67.5000
    2.0000    0.1900   72.0000
    2.0000    0.0700   75.0000
    2.0000    0.1900   72.0000
    2.0000    0.1800   72.0000
    2.0000    0.2800   72.0000
    2.0000    0.0600   68.0000
    2.0000    0.1800   66.0000
    2.0000    0.2700   72.0000
    2.0000    0.2500   65.5000
    2.0000    0.1600   68.5000
    2.0000    0.2200   72.0000
    2.0000    0.2500   75.0000
    2.0000    0.2300   65.5000
    2.0000    0.0900   72.0000
    2.0000    0.1900   72.0000
    2.0000    0.1000   68.0000
    2.0000    0.2300   66.0000
    2.0000    0.0900   72.0000
    2.0000    0.2100   72.0000
    2.0000    0.1900   72.0000
    2.0000    0.0600   75.0000
    2.0000    0.2400   75.0000
    2.0000    0.1600   68.5000
    2.0000    0.0700   72.0000
    2.0000    0.1000   72.0000
    2.0000    0.1900   68.0000
    2.0000    0.2300   66.0000
    2.0000    0.1100   85.0000
    2.0000    0.2500   72.0000
    2.0000    0.1900   66.5000
    2.0000    0.2300   66.0000
    2.0000    0.1000   68.0000
    2.0000    0.0900   85.0000
    2.0000    0.0800   85.0000
    2.0000    0.1900   85.0000
    2.0000    0.1200   65.0000
    2.0000    0.2600   66.5000
    2.0000    0.2300   65.5000
    2.0000    0.1700   72.0000
    2.0000    0.1700   67.5000
    2.0000    0.0600   75.0000
    2.0000    0.2500   67.0000
    2.0000    0.2200   72.0000
    2.0000    0.2400   66.0000
    2.0000    0.0900   72.0000
    2.0000    0.1800   66.0000
    2.0000    0.1200   85.0000
    2.0000    0.2200   72.0000
    2.0000    0.1000   70.0000
    2.0000    0.2600   72.0000
    2.0000    0.2700   66.5000
    2.0000    0.2400   65.5000
    2.0000    0.2300   66.5000
    2.0000    0.1000   85.0000
    2.0000    0.1300   72.0000
    2.0000    0.0600   66.0000
    2.0000    0.0700   72.0000
    2.0000    0.2000   72.0000
    2.0000    0.1100   72.0000
    2.0000    0.2200   67.5000
    2.0000    0.2500   66.0000
    2.0000    0.2600   71.0000
    2.0000    0.0900   80.0000
    2.0000    0.1900   72.0000
    2.0000    0.1100   72.0000
    2.0000    0.2000   72.0000
    2.0000    0.2100   65.5000
    2.0000    0.2100   66.0000
    2.0000    0.1100   85.0000
    2.0000    0.2300   65.5000
